1042
1092
1101
1103
1105
1107
1108
1109
1113
1114
1115
1122
1125
1129
1133
1135
1136
1140
1141
1161
1167
1169
1173
1177
1184
1189
1197
1208
1209
1212
1214
1215
1221
1225
1234
1253
1256
1257
1263
1266
1268
1269
1272
1286
1288
1295
1309
1335
1339
1362
1369
1370
1376
1382
1385
1386
1387
1388
1389
1390
1393
1394
1403
1414
1432
1447
1449
1457
1494
1506
1528
1661
1662
1670
1672
1673
1678
1680
1686
1688
1694
1700
1706
1744
1751
1753
1765
1796
1797
1814
1831
1832
1877
1882
1903
1907
1929
1940
1954
2011
2013
2017
2022
2045
2051
2087
2546
2963
3159
5440
5441
5900
5901
5902
6276
6455
6489
1158
1301
1302
1303
1337
1338
1340
1345
1347
1367
1372
1374
1375
1392
1396
1398
1399
1841
2036
5907
6374
7073